# Created by Octave 5.2.0, Fri Jun 12 00:37:58 2020 GMT <unknown@Sielanka>
# name: Theta2
# type: matrix
# rows: 1
# columns: 101
 -0.15630491375910419 -0.07642438345348454 -0.080649052278112407 -0.075961165087342103 -0.079205742259418149 -0.077404413714217052 -0.078616870193355975 -0.077627313573994369 -0.074880366801681128 -0.076327608881347125 -0.074419868557470459 -0.08190138090026057 -0.075075405510417997 -0.070232428226671265 -0.079471891922458293 -0.078130155606690857 -0.074041645857369928 -0.07705736209592938 -0.077545094058179206 -0.076485142048647939 -0.077345116780621087 -0.074880365475278737 -0.082946478575829319 -0.081075781831134036 -0.084508878339542168 -0.083617890481124987 -0.079116851803137003 -0.076292829450371441 -0.077509109189927566 -0.079857719069218971 -0.071599739244632102 -0.085250443413643018 -0.077550375405263147 -0.077620087956284611 -0.07865178743064663 -0.078682961770968562 -0.077952177346102977 -0.085132270803675539 -0.079279480573686584 -0.082111053563659969 -0.079878224322022018 -0.074019179381769939 -0.077937796781847035 -0.079102130878072691 -0.081789869421365319 -0.073937238372522765 -0.076789467519322002 -0.078097513208065197 -0.075175957596898046 -0.075996007601723148 -0.077926859138743698 -0.077908642600257122 -0.075853058713467161 -0.079028497337565548 -0.075152720433074485 -0.076225971174017471 -0.075606971596476544 -0.078810418245344752 -0.076727732999189252 -0.082981291606794877 -0.074070184687213034 -0.077915979967599122 -0.079821274815795845 -0.0779537269046085 -0.077286107592502512 -0.081325255832387505 -0.078436850283651938 -0.07818039665111054 -0.085088135246321001 -0.081847662571958205 -0.071692768876524801 -0.079884983315586272 -0.079679374090829855 -0.07590584808324953 -0.081775414248408979 -0.081013185952797162 -0.080052925053693269 -0.077189808611706573 -0.080863429194461156 -0.080767047716840554 -0.082166443284652238 -0.07928341202528319 -0.073189194253853132 -0.077226336415252755 -0.077489417254080581 -0.072806946074252116 -0.082276017099853382 -0.074412089267099524 -0.078642000442525686 -0.077348295578751919 -0.077306712156865229 -0.081739571177583834 -0.077468963432197599 -0.079135909452619918 -0.078241288015762606 -0.072707004971635472 -0.080707890158159989 -0.07559496161175254 -0.08047747620465609 -0.07436617499602835 -0.073985930766347879


