# Created by Octave 5.2.0, Fri Jun 12 00:37:45 2020 GMT <unknown@Sielanka>
# name: Theta1
# type: matrix
# rows: 100
# columns: 3
 0.0030045632373966718 0.00096107350591302047 0.0021576502352305526
 -0.0036246851490176783 -0.0020335194935565239 -0.0021437209903754349
 0.0013021186326567348 0.00043974301450358522 0.0012158818374507357
 -0.0012949063058917284 -0.0011260919325689956 -0.00045787324489394591
 0.004430010582775405 0.0023263419018914305 0.002088614138806272
 -0.0026861348695656163 -0.000849222651597808 -0.0020326575864058564
 -0.0026157313319294931 -0.0018719653254188372 -0.0013566618130950718
 0.0026421542396240544 0.00081878144214622131 0.0015610442356332973
 0.00092572633977955658 0.00093610664585669833 0.00046704311601475146
 0.0022317819991415876 0.00057922596137814847 0.0013188424579601221
 -0.00024588087926533429 4.6511950618879271e-05 0.00047684063997698522
 0.0035772152403756433 0.0013207572329792445 0.0014208175585515327
 0.0036213445661672696 0.0012938154358528282 0.001487364990998948
 0.00048755026955237798 0.00040233894469995278 0.00076487926718969094
 -0.0033072342998755641 -0.0017975582391411534 -0.0023611487996012532
 0.00064244992890676099 -0.00025428069126965535 0.00087252669625201501
 0.0044067403610263149 0.0028284148527815138 0.0022227371438814795
 0.0025778576504340294 0.0013657126203377966 0.0021363885587843061
 0.00079601530546042742 -0.00023297526524100745 -6.6424063631324967e-06
 0.0023778056897118213 0.0017424348118482611 0.0011123082827344853
 0.0020485577628918577 0.00088855397566637781 0.0005893946316803141
 0.0018267091778687774 0.00082323841765347995 0.0015357225741518968
 0.0022922325032692921 0.0015708290534946585 0.0014183239435162052
 0.00062688920993726293 0.00074009726906995783 0.0004077929139835325
 0.0015444172815914613 0.0014104909310312793 0.00052164249849666723
 -0.00043039324250861638 -0.00045778463214086296 0.00026934020067493144
 -0.0024466966905705742 -0.001430285872074325 -0.00099369389821931222
 0.0015827095303737047 0.00061549185219497693 0.00036328298372015344
 -0.0040616153742457231 -0.0014216692990242203 -0.0027188434565256223
 0.0019761317770643104 0.00039583645597210209 0.00092274272104194669
 0.001159562497588657 0.001067599398032309 0.0012973248939845772
 0.002175061166505057 0.00086707441653345802 0.0015177940330353005
 -0.00056796312386741654 0.00018623381747476047 -0.00071201012049818316
 0.0021944182296398875 0.00050324966896115274 0.00077202032803798133
 -0.0012131302398462013 -0.00091298823618676177 -7.0583035315649858e-05
 -0.0043877057054039267 -0.001989181055787752 -0.0028235142050386402
 -0.00080544213814963763 0.00017273108547838356 -1.006034466623023e-05
 0.0040605587607155076 0.0017773248803567149 0.0020904098827866512
 0.0021522298993511321 0.00055606428916239812 0.0018999796534876941
 0.0015030413669744214 0.00033324213116744976 0.0013322743050150807
 -0.0036532480313250636 -0.0020314334345368657 -0.0017456455541997738
 -0.0027874158605530625 -0.0016752507670421812 -0.00096293910548423268
 0.0031786723458544818 0.0011886978461228524 0.0012966763591644801
 0.0040794157111794516 0.0026742741714428095 0.0029498858367476891
 -0.0024564120460392751 -0.0012676578991519568 -0.0017484512208627079
 0.0038248787799984177 0.0018144466506107891 0.0027014579813697892
 0.0014733308460261687 0.0012927922064910843 0.00047403487156858442
 0.0024398552084581348 0.0014785145489573388 0.0012717865851390394
 -0.0020422623179744506 -0.00060563086999556779 -0.0016316487918713522
 0.00054958498917358613 0.00067249817415623034 0.0008587928692490223
 -0.0031150967559908532 -0.0017052223175616924 -0.001772431756259199
 0.0015397036266970681 0.00020588276943548788 0.00079701785446033497
 -0.0024635032842601629 -0.0015015545450805115 -0.0013633676731020729
 0.0040064418477568668 0.001985833086190636 0.0017855577474415072
 0.00077622030232047843 -1.3363470940861572e-05 0.0010318366228428476
 0.001200088398802007 -1.8057924412151678e-05 0.00064707122149868575
 0.0041736427261464008 0.0016256545138782447 0.0028588234616571265
 0.0022563464055502186 0.0010283558156733634 0.0010960331916453666
 -0.0028150064971783125 -0.0018072611176735529 -0.0010164909605852655
 0.0044724511586922691 0.0021529288379046638 0.0022186006623915243
 0.0017282792382174712 0.0011033518162192018 0.0016208534266086904
 -0.0039021947454847654 -0.0021819812675359369 -0.0025397703973091016
 0.00015826911311669366 -0.00045099003747190445 0.00050280254710867456
 0.00032437429853515482 0.00068609460827284165 0.00010663309244901395
 0.0027590173615004965 0.0012939989551502826 0.0019955903765156227
 0.0041916535186179707 0.0023752520200051412 0.0029870708395413064
 0.0037009214803428478 0.0013329775491217816 0.0019704073946567868
 -0.0020120322138867689 -0.00078136078827420908 -0.00056199908503186857
 0.00075493544388974699 0.00050591934501889363 0.0010557206805636475
 -0.0041719794363829967 -0.0026739063286123441 -0.0024427719950811475
 -0.00037318930459306947 0.00048698933121525337 -0.00026230099315518784
 8.0878338077293774e-05 -3.8203043561822098e-05 -0.00034647549375477324
 -0.0037442234597529146 -0.0025282738811387697 -0.0018743399935290212
 -0.00050967888959666842 -0.00013082848726276211 0.00010253228332343211
 0.00079455391271498078 0.00024179954033981568 0.00024824064278233782
 -0.0035547400865064394 -0.0015349135842120929 -0.0023857224959409262
 0.0027851769075928779 0.0014357929748899877 0.0010034581762169781
 -0.0041478646644650657 -0.0017192463581295263 -0.0024157511293841738
 -0.0042177602126242889 -0.0024592994478962711 -0.0019613589668167389
 -0.0041597411749586073 -0.0024229297177133656 -0.0019029727500815587
 -0.00029780846872446803 -0.00035147886848750377 -5.1171828068991904e-05
 -0.0026803925492793089 -0.0019726472294801125 -0.001292702723801986
 0.0035085724581439917 0.0021516022919368218 0.001995275852518452
 -0.0018425560672932196 -0.00066285676286815219 -0.0015121833474257998
 -0.00050252764959011792 0.00010063640151135788 -0.00076469433265423002
 -0.001408899443252132 -0.00035905811336442244 -0.001184192607933841
 -0.0045058780090159681 -0.0018032294730297251 -0.0026277908084123116
 0.0007992081071672611 -6.3044826914852674e-05 0.00024866901915929771
 -8.7391383616668763e-05 0.00042028343565308823 0.00029811012868494538
 -0.0033963758117642848 -0.0015313294961117586 -0.0014213238863737766
 -0.00059576707302812335 -0.00020255900502777724 0.0003053358264179845
 0.0014235389292357886 0.0010201958964848753 0.001012745744985462
 -0.002747056043036366 -0.0013023664831001175 -0.0016925883977265159
 0.0026512009352911573 0.0017050591783701447 0.0010971101142606707
 -0.00075332219731262268 -0.00046140474254080294 -0.00074457446032604932
 0.0043501726530194131 0.0027403441789588881 0.0019519334993192915
 -0.0033630875174637557 -0.0021482518309172602 -0.0020428848908106076
 0.0036479450828413944 0.0022653816754586347 0.0016803152222149309
 -0.0018017955044604833 -0.00099492284694354207 -0.0008982007302709786
 0.00081920027588199202 -0.00026000494664486529 0.00080637352199721627


